[876 897 212 340 246 369 135 243 581 740 179 834 554 253  11 325 832 515
 364 220 482 204   5  57 408 363 118 105 953 364 575 810 610 778  45  10
 431   5 395 951 355 314 711  79 718 779 722  87 271 954 351  77 220 764
 458 555 377 255 365 724 126 501 704  79 918 616 723 927 560 203 568 160
 698 270 226 737 603 293 809 458 809 916 356 482 236 416 342 861 341 455
 423 283 522 929 650 858 825 194 232 701 939 527 878  83 169 947 268 815
  68 616   6 163 661 239 283 663 326 380 150 927 740 704 942 955  29 255
 774 450 431  30 126 923 460 341 941 799 583 817 298 239 713 888 731 765
 723 173 685 479 854 474 935 588 153  58 182 641 284 815 515 532 876 455
 396 122 498 771 193 552 192 588 692 381 291 146 829 304 469 768 709 315
  56 189 463 268 386 255 996 154 876 224 418 591 385 683 626  28 747 762
 697 165  28 902 824 753 155 538 306 585 565 229 914 336 425 638 472 625
 330 777 556  92  70 790 906 266  66 617 308 710 723 132 542 827 233 395
 829 216 838 293 100 555 686 774 649 141 596 223 132 512 749 505 924 884
 250 407 366 545 428 409 327 963 413 597 643 161 938 447 474 397 209 279
 501 524 253 838 955 919 509 974  43 923 841 576 274 646 334 673 318 247
 345 685 899 956 304 685 808 799  84 395 926 530 389 256  23 937 861 441
 406 862 183 732  78 781 586   6 511 575 449 143  73 488 501 720 211 530
 692 858 421 944  54 974 892 432 203 249 266 410 774 348 819 890  46 605
 840 301 477 629  86 577 351 543 255 735 364 745 712 570 448 285 967 291
 869 827 703 171 100  11 488 902 942 348 895 973 821 571 893 594 781 318
 547 368 849 376 192 267 105  68 988 401 742 120 664 911 117 547 929 556
 853 765 499 284 722 741 472 944 120 940 138 759 320 841 827 252 177 673
 299 140 213 122 919 457 230 939 222  26 516 218 546 115 356 148 949 623
 145 135 394 953 986 687 666 715  70  46 741 133 908 895 777 255 110 993
 983 208 632 276  36 110 723 454  91 929 565 387 399 442 588 460 567  96
 530 251 507 883 748 198 454 289 261 208 554 821 849 468 500 687 257 767
 274 401 227  48 616 257 451 658 277 598 981 334 731 516 912 268 728 522
 303 842 113 584 727 965 920 402 775 117 326 184 298 783 949 818 696 690
  69 322 735 977 676 593 835 890 192 798 484 482 768 560 997 862 660 616
 334  20 826 409 917 958 755 483 758 331 720 686 944 683  75  33 918 495
 578 553 505 323 370 884 362 403 543 363 972 874 212 935 219 336 539 224
 251 404 843 181 608 928 243 791 792 710 154 825 411 422 585 977 708 146
 142 524  55 390 927 692 616 596 351 232 897 339 414 827 411 644 544 412
 475 754 800 548 822 963 104 809 158 860 915 209 461 559 656 577 174 632
 972 359 347 154  83 467 934  57 404 826 622 466 636 822  99 960 358 313
 708 486 823 452 786  20 485 744 365 729 577 440 236 944 586 857 935 870
 105  64 500 503 230  92 143 545 176 986 858 898  79 550 739  94 786 405
 716 534 256  32  37 336 596 794 869 428 690 774 428 481 138 981 884 167
 264 672 113 907 141 503 558 984 844  25  76 699 113 489 257 980 817 116
 287 268 977 495 800 424 304 306 193 355 937 646 217 532 168 632 960 693
 577 207 174 840 820 507]